750
989 
870 
663 
251 
596 
567 
23 
370 
159 
610 
970 
575 
431 
556 
205 
374 
655 
649 
734 
763 123 
886 
708 
978 
722 
694 
854 
379 
859 
971 
784 
748 
308 
33 
477 
210 
245 
831 
559 
40 58 
169 696 
612 331 
155 788 
124 758 
494 498 
113 
847 53 
670 399 
200 762 
262 578 
661 190 
94 798 
321 710 
993 928 
768 
145 
247 
255 
855 
25 
602 
220 
976 
333 
430 
507 
28 
456 
70 
265 
516 
268 
435 
677 
144 927 
813 237 
984 810 
410 633 
643 271 
866 95 
844 
823 
460 
874 
917 
693 
849 
851 
212 
624 172 
361 
277 
254 
181 
32 66 
204 600 
157 911 
513 542 
591 
850 
983 
354 
718 
371 601 
188 871 
307 698 
572 366 
689 163 
872 957 
530 
986 
625 280 
290 582 
365 503 
977 131 
937 838 
638 
706 
888 
702 
342 
425 
377 
346 
378 
667 
658 
1 
819 
679 
863 
593 
56 
305 
959 
569 
895 
420 
811 
396 
448 
914 
323 
923 
932 161 
231 773 
289 564 
133 806 
243 752 
318 676 
522 527 
518 464 
434 465 
541 
942 
381 
848 
933 
356 
334 
506 
315 
966 
843 
822 
975 
738 
239 
75 
616 
755 
184 
672 
733 
772 
935 
925 
533 
120 
422 632 
424 631 
236 731 
413 659 
51 916 
91 892 
521 324 
856 117 
814 79 
836 
873 86 
367 
302 
505 
63 
804 
827 
300 
89 
446 
406 
742 
951 
570 
17 
373 501 
189 
724 
887 
629 
812 
729 
922 
880 
4 
963 
7 
614 
176 
132 
112 
74 
100 
826 
493 
766 
646 
141 
122 
43 
14 
592 
842 
790 
690 
486 
170 
682 
274 
931 
73 
743 
532 
499 
723 
627 
203 
21 
860 
5 
652 
537 487 
801 55 
615 221 
15 985 
183 603 
195 782 
714 310 
459 353 
737 126 
543 322 
341 523 
475 552 
454 607 
686 395 
386 685 
482 510 
8 999 
368 666 
557 
509 
648 
292 
485 
13 
606 
287 
211 
87 
275 
561 
273 585 
665 417 
444 630 
890 
263 568 
617 466 
201 
121 
136 
312 
520 
867 
767 
489 
293 
110 
938 
479 
296 
166 
504 
329 
972 
241 
327 668 
304 717 
394 636 
27 945 
162 699 
438 634 
20 980 
414 577 
416 
332 
778 
340 
107 
258 
351 
357 
317 
691 
875 
240 
565 
192 
642 
680 
412 
584 
436 
196 
653 223 
139 
953 818 
469 418 
721 180 
703 343 
497 
619 207 
544 484 
832 224 
392 449 
153 883 
344 512 
511 363 
339 558 
38 
837 54 
130 824 
150 884 
620 419 
404 
881 214 
858 215 
707 
462 
571 385 
383 637 
861 979 
954 
555 
944 
135 
16 
829 
878 
852 
208 
115 0 
182 882 
421 
125 
879 76 
862 958 
994 
193 
776 
671 
328 
393 
225 
179 
905 
463 
727 
613 
167 
799 
453 
869 
222 
514 
92 
260 
877 
740 291 
770 257 
252 590 
481 548 
285 789 
67 904 
929 68 
534 266 
447 618 
765 269 
735 295 
795 104 
474 338 
681 168 
833 2 
227 651 
674 432 
388 599 
794 59 
490 529 
697 128 
426 478 
920 65 
739 
623 
502 
830 
594 
712 
845 
943 61 
987 
272 
609 226 
407 580 
216 
468 
695 160 
165 711 
751 264 
355 517 
969 
108 783 
947 834 
622 198 
372 496 
825 46 
797 84 
90 
314 
49 910 
992 
641 
760 71 
330 709 
973 36 
857 96 
411 
148 
777 
209 
45 
519 
235 
397 
741 
611 
303 
692 
267 
457 
803 
451 
745 
480 
109 
820 
885 69 
101 901 
525 428 
835 996 
458 589 
118 749 
415 635 
242 598 
408 445 
405 492 
956 158 
573 234 
483 
154 
72 868 
841 967 
962 
802 
345 628 
26 941 
550 
99 828 
146 753 
581 253 
219 
278 
299 
764 
955 
538 
647 
500 
906 
48 
688 
907 
725 
472 
261 
311 
442 
78 
286 
103 
439 
348 
551 
662 218 
796 97 
105 898 
44 909 
217 
127 
93 37 
50 
156 918 
903 930 
894 974 
352 
761 
998 
997 
864 
583 359 
256 700 
382 495 
455 535 
402 673 
524 476 
701 384 
18 769 
900 
369 
562 390 
202 
728 
732 
283 
461 586 
376 660 
488 
301 
10 946 
31 940 
452 608 
726 335 
197 
60 
9 
471 398 
270 720 
401 683 
129 990 
757 
429 
147 919 
137 793 
106 
746 
913 
350 563 
588 
645 
149 
546 
988 119 
792 
566 238 
199 657 
470 403 
52 897 
528 288 
349 
389 
259 816 
297 759 
244 595 
553 306 
853 965 
808 246 
744 152 
982 981 
114 750 
840 185 
817 191 
134 934 
151 715 
891 949 
437 375 
952 47 
22 
775 
991 961 
716 337 
800 248 
294 
574 
807 
540 
791 
326 
687 
380 
194 
467 
815 
964 
605 
41 
433 
34 
536 
309 
644 
364 
81 
450 
228 
281 
443 545 
19 
391 
908 
950 
889 
924 
650 
554 
111 
173 684 
705 116 
12 85 
24 
187 
675 143 
80 57 
336 579 
912 206 
6 774 
83 
249 587 
846 175 
939 
526 
597 
284 
669 
865 
654 
549 
35 
358 
233 
640 
821 
921 
809 
77 
713 
604 
11 
298 
754 
926 
547 250 
142 
362 
360 
473 
787 
177 
560 
771 
30 82 
325 
441 
730 
736 
316 
621 
747 
678 
936 
896 
664 171 
960 64 
995 968 
779 
88 902 
138 781 
387 
3 
576 
229 
232 
400 
786 
39 
29 
719 
440 
839 
178 
279 
704 
174 
785 
186 
276 
42 
491 
319 
656 
213 
62 
140 
98 
347 
893 
626 
164 
515 
230 
531 
313 
899 
756 
423 
539 
508 
805 102 
320 
409 427 
915 876 
282 
639 
780 
948 
